"","hc_etaPM_ward.D2","hc_Dbar_ward.D2","hc_etaPM_average","hc_Dbar_average","hc_etaPM_complete","hc_Dbar_complete","hc_etaPM_single","hc_Dbar_single","kmeans_etaPM","pam_Dbar"
"hc_etaPM_ward.D2",1,0.203,0.124,0.045,0.577,0.029,-0.009,0.041,0.829,0.673
"hc_Dbar_ward.D2",0.203,1,0.03,0.024,0.079,0.029,-0.003,0.017,0.128,0.212
"hc_etaPM_average",0.124,0.03,1,0.404,0.304,0.273,-0.024,0.327,0.142,0.069
"hc_Dbar_average",0.045,0.024,0.404,1,0.141,0.866,-0.023,-0.054,0.054,0.111
"hc_etaPM_complete",0.577,0.079,0.304,0.141,1,0.1,-0.017,0.123,0.623,0.399
"hc_Dbar_complete",0.029,0.029,0.273,0.866,0.1,1,-0.023,-0.05,0.035,0.077
"hc_etaPM_single",-0.009,-0.003,-0.024,-0.023,-0.017,-0.023,1,-0.022,-0.01,-0.015
"hc_Dbar_single",0.041,0.017,0.327,-0.054,0.123,-0.05,-0.022,1,0.049,-0.042
"kmeans_etaPM",0.829,0.128,0.142,0.054,0.623,0.035,-0.01,0.049,1,0.532
"pam_Dbar",0.673,0.212,0.069,0.111,0.399,0.077,-0.015,-0.042,0.532,1
